.Random.seed <-
c(403L, 10L, 402267068L, 64332031L, -1769798571L, 1457786732L, 
-1808261182L, -148064227L, 872614039L, -1229253122L, 817235384L, 
-98481765L, 1186877433L, -1346463928L, -38292874L, -766702671L, 
-1863731741L, 269879986L, -2031474940L, 1824078919L, 1335384861L, 
-2036760172L, 1775150394L, -1841333883L, -315827617L, 920485094L, 
402059120L, -636292973L, -1164001999L, 1615170528L, -245139330L, 
2087715593L, 1239336251L, 345676042L, -1372428052L, 120175L, 
-440730971L, -632433572L, -289508302L, -1782508755L, -112801305L, 
1923192078L, -413291800L, -1204312853L, -610140791L, 308501784L, 
1499512902L, -1533106015L, 927723315L, -106651998L, -1064137324L, 
1357173783L, -2028702707L, -1440571100L, -1095021302L, -1055216523L, 
55904207L, -43497258L, -937244544L, 886052547L, 1621590113L, 
1155682512L, -393393618L, 423558105L, 223478763L, -249273766L, 
542192668L, -1356205793L, -1792884363L, -1252048884L, -1820284446L, 
-85060931L, -964891337L, -1139166754L, 681662232L, 994541179L, 
868387865L, -808313688L, 502814294L, -489327919L, 2042610307L, 
-352151278L, -669475676L, -259412889L, 1685104061L, -1274177740L, 
-1682389862L, -212800795L, -1878969217L, -495579642L, 698694032L, 
-462715853L, 1524337617L, -1006616192L, 135310430L, -2117792855L, 
1465807451L, 441222762L, -990508276L, -156435121L, -1834727931L, 
1112550588L, -1433375342L, -884439411L, 134806727L, 1962940846L, 
922993672L, -1807550453L, 926952681L, -645035080L, 60290150L, 
-1715727103L, -1501170797L, -707767230L, 989170676L, 72549879L, 
723581421L, 1830656644L, 1524333738L, -1724069355L, -746334545L, 
2114589878L, 957661920L, 1928273443L, 1104077121L, -1011360720L, 
-2016696754L, 826675897L, -1367832885L, -1643765894L, -1901828484L, 
1621238463L, 276136853L, 6955948L, 474220930L, 972738397L, -815947177L, 
-726996674L, -346707592L, 1478795867L, -2036570695L, 704870408L, 
-1889154378L, 481313265L, 1081473059L, -1580623758L, 474262212L, 
-1977385849L, 1368969309L, -1061996972L, 1065858170L, 800620485L, 
124813599L, 638644390L, -285224400L, -1157576493L, 684263153L, 
-803412448L, -1268846402L, -1848535863L, 2019942011L, -1187427254L, 
1329755308L, 696710063L, -1317177499L, -1424323300L, 1954215282L, 
389070317L, -384216537L, 1407427150L, -1831999832L, 1328602283L, 
-809230903L, 796070360L, 1752344710L, -1785457311L, 706160883L, 
1654175586L, -2049777196L, -1777916713L, 439051981L, -728134044L, 
-1549808566L, -1443501643L, 149976335L, 2041381398L, -2007475008L, 
-1927890301L, -1417017695L, -996996976L, -372235410L, 1121291545L, 
-2049172053L, 1527987098L, -1947667620L, -382594465L, -649651659L, 
777970124L, 1936955682L, -103228547L, -1426769801L, -771617378L, 
-812473256L, -201907781L, -1988987047L, -559074072L, -66454250L, 
-1906999663L, -1175080125L, -1500754350L, -1526030108L, 318329639L, 
-2130720899L, -71046540L, 1767248986L, 1637256357L, 525432511L, 
-1293415098L, 1721127888L, -1276592653L, 787241233L, 1634182464L, 
-232266466L, 2107490793L, -1041894629L, 880450858L, 1283454540L, 
-507653617L, -63085243L, 1445880052L, -429100920L, -367496902L, 
-317844656L, -887660436L, 202841236L, 994387282L, 385417952L, 
1673047244L, 1239772320L, 2045472130L, 449969384L, -847770388L, 
1793509436L, -520569742L, -307446672L, -1273904604L, -1228368328L, 
124559898L, 1246164176L, 295896636L, 1865355412L, -370623358L, 
-1635165248L, 85995836L, 515874448L, -1281387486L, -681844728L, 
-1647991668L, -223247332L, 1914679442L, -283122560L, -1033753580L, 
-843663576L, -933291974L, 1400039632L, -1269733268L, 511827636L, 
-1226200046L, -163695648L, -1827445812L, 223277536L, -569071582L, 
-699292376L, 1060163852L, 1843298876L, 594577650L, 1060883696L, 
-1522690236L, -443978664L, -1309424070L, 518492400L, -527292740L, 
894132756L, 1502457026L, 1331518048L, -333373060L, -640119600L, 
1908189218L, -1578679128L, -2072145524L, -1818275396L, 584211506L, 
112138048L, 369414836L, 805928264L, -521066822L, 1762841360L, 
-1921861396L, 2489428L, -1425188078L, 90357152L, 1900189644L, 
-279977120L, 1795075266L, 896975400L, 485944748L, 797965116L, 
1380851570L, 1693376304L, -1258638300L, 2083123768L, 2123671258L, 
1294783376L, -859420420L, 1669710228L, -754109630L, 1866619392L, 
413070396L, 2036488784L, 744109218L, 555407176L, 614440460L, 
1044827868L, 2131693650L, -831864704L, -475567276L, 297980904L, 
-1642740998L, -1447039152L, -571199444L, 1134526836L, 1804722834L, 
-898354592L, 2008700044L, 473507168L, 888514786L, 882864296L, 
1495288524L, 952694268L, -45768782L, 1718462448L, 1374979524L, 
-694453928L, 1796543866L, -1596181072L, 1631746492L, 1138051668L, 
-1461080638L, -1862993120L, 192826300L, -96336816L, 936251362L, 
591344488L, -135903412L, -1570575620L, -1011287310L, 1655042304L, 
-1307913100L, -782472696L, 12532154L, -291968560L, 439749612L, 
-1792280684L, -1133757230L, 804251744L, -1326870196L, -1108625632L, 
-1301210494L, -1009505816L, -1382886420L, -533057988L, 239528562L, 
1910894448L, 1681088804L, 167996984L, 1236385178L, 943490512L, 
136536508L, -1257180524L, 1332774530L, -1893838400L, -1148989636L, 
1021355664L, 447591202L, 614467080L, -433711348L, 1587459996L, 
1966895122L, 220529536L, 647737108L, -539293400L, -1223233478L, 
323487696L, 1882983020L, -1999315916L, -899783534L, -1637225120L, 
-1055239860L, -1715422752L, -1921773662L, -1675456600L, 1997169804L, 
784155580L, 432207986L, -1780513808L, -429883324L, 1230234712L, 
1612832826L, 128884848L, -313380292L, 2141952788L, 975756994L, 
-2069737760L, -1241197444L, 1071186128L, -1611459678L, 1569866280L, 
-1379113716L, -1690014788L, -545987278L, -1533256512L, -1814680012L, 
1221015240L, -1902577990L, -558571376L, 1283246828L, 2055600724L, 
-1441735022L, 1085422368L, -2006275124L, 1627221216L, -1581561150L, 
1497870376L, -673109076L, 1145612988L, -1161751054L, 1540720176L, 
-1810468956L, -1842752072L, -1545928870L, 570796176L, 1930849148L, 
-203521260L, 1397821762L, 1652073216L, 543268796L, 1557930832L, 
98981154L, -38646200L, -102492148L, -1203183524L, -287331886L, 
-831665664L, 724975956L, 333362408L, -380728070L, -179752744L, 
-1130663690L, 1348406019L, -233325499L, 1989514338L, 1092494288L, 
-978351879L, 1610351147L, -2140738148L, 1880511946L, -1678080321L, 
571107337L, 389421342L, 1908792524L, 568850589L, -1687601881L, 
134844240L, -2047506L, -402774373L, 600164605L, -319172630L, 
269940872L, 178538033L, -1268072285L, -559745884L, 1487115602L, 
1984389287L, -37604111L, 1161045046L, -556274476L, -2129981339L, 
-1704158609L, 850875560L, -1617120762L, 574673715L, 94136213L, 
1691214834L, 1937152064L, 192096681L, -586061797L, 1384691180L, 
470615546L, 2113262127L, -1056489927L, -680302514L, 1072672924L, 
-1175481843L, 1091350135L, 2027218560L, -2059868962L, 1382307755L, 
2039134381L, 1011457306L, 407222744L, -1319222719L, 562862323L, 
1380243220L, -1140261214L, -124160073L, -743169151L, 1834652038L, 
-1600150588L, -1387221259L, 1384495967L, -1308359240L, 1155341462L, 
17904291L, 1851937893L, 654860674L, 730585840L, 1258991257L, 
947319435L, -398871684L, -1597446742L, -491475489L, 1380416361L, 
-1484457090L, 322753388L, -1751779395L, 1277691015L, 837761136L, 
1075962638L, -350777285L, 1793523485L, 1484467658L, 803694312L, 
519629265L, 954391491L, -763915068L, 183462770L, -773614009L, 
1357497873L, -1790425194L, 1120115444L, -164246395L, -40914481L, 
476341448L, 2027996518L, 1189230483L, -1139509003L, 742150354L, 
1048993568L, -1362354423L, -1744050117L, -966681204L, 877745178L, 
-149092209L, 1114087385L, -656834450L, 266077180L, 1175179629L, 
1842498327L, -597468448L, -624129858L, -108607861L, -226853619L, 
-1847848646L, 217317752L, 675771169L, -1125178413L, -952964364L, 
-1212398718L, -925789673L, 943448289L, 466267686L, -499292380L, 
1847642069L, 1581924223L, 1661053464L, -94156490L, -534718525L, 
-1036823035L, -1121593950L, -1710384752L, 637845817L, 181540331L, 
1609447132L, -1736473846L, 956583423L, -1729358775L, 1347544542L, 
-201804404L, -954154659L, 1401649511L, -1149269360L, 315507886L, 
